Progress: 0 Rotation: (1.3962634015954636, 0, 0.0) z_d: 0.3
Progress: 1 Rotation: (1.3962634015954636, 0, 0.08726646259971647) z_d: 0.3
